1.png 28 0,5 1,1 0,5 2,1 3,1 4,1 5,1 6,1 7,1 8,10 9,2 8,10 10,2 8,9 9,2 8,9 11,1 12,5 13,2 11,2 12,5 11,8 14,8 11,2 15,10 11,10 13,2 11,5 16,1 17,1 18,1 19,1
2.png 21 0,5 1,2 0,20 2,1 3,7 1,5 3,1 1,1 3,1 1,1 3,1 1,1 3,1 1,1 3,15 2,1 0,5
3.png 17 0,15 1,5 0,7 1,10 2,1 3,1 4,1 5,1 4,1 5,1 3,1 2,1 1,20 2,1 6,10 2,1
4.png 17 0,255
5.png 17 0,1 1,1 2,1 3,1 2,1 3,1 2,1 3,1 2,1 3,1 2,5 1,1 0,3 4,1 5,10 4,1
6.png 17 0,10 1,1 0,10 2,2 3,10 4,1 3,5 5,10 4,2 5,30 4,1 5,10 3,10 2,2
7.png 21 0,1 1,1
8.png 18 0,10 1,2 0,10 2,10 0,5 1,2 0,5 2,10 3,1 4,1 5,6 4,1 3,1 6,1 7,1 8,8 7,1 6,1 2,10 9,1 10,1 11,1 12,1 13,1 14,3 15,6 16,1 15,5 17,1 18,15 2,5 19,2 2,7
9.png 17 0,20 1,2 0,2 1,2 0,12 1,2 0,2 1,2 0,10 2,1 3,1 2,1 0,30
10.png 31 0,1 1,1 2,1 0,1 1,1 2,1 0,1 1,1 2,1 0,1 1,1 3,2 4,1 3,2 4,1 3,8 4,1
11.png 23 0,5 1,2 0,5 1,1 0,1 1,1 0,1 1,1 0,1 1,1 0,1 1,1 2,5 3,5 4,1 3,1 5,1 6,2 7,2 8,1 9,1 10,1 11,1 12,1 13,1 14,1 15,1 16,10 17,4 18,1 19,1 18,1 19,1 18,1 19,1 18,1 19,1 20,5 21,1 22,10 23,1 24,1 25,1
12.png 17 0,7 1,1 2,6 1,1 0,3 3,3 0,5 4,1 0,1 4,1 0,1 4,1 0,1 4,1 5,7 6,3 5,7 7,1 8,1 9,1 10,5 9,1 8,1 7,1 5,7 6,3 5,7 7,1 8,1 9,1 10,5 9,1 11,1 7,1 12,7 13,3 0,5 14,1 15,1 16,1 15,1 17,1 15,1 16,1 15,1 17,1 15,1 16,1 18,1
13.png 30 0,1 1,1 2,1 3,1 4,1 5,1 6,1 7,1
14.png 29 0,10 1,2 0,5 2,1 3,20 4,2 3,10 2,1 0,4 5,1 6,1 5,4 7,1 8,10 9,2 8,5 7,1 8,1 7,1 8,10
15.png 17 0,1 1,2 2,1 3,1 2,1 1,2 0,1 1,1 4,4 5,1 6,1 7,3 8,1 9,1 10,1 0,20
16.png 42 0,12 1,3 0,12 2,1 3,1 4,1 5,2 6,2 7,1 8,1 9,1 10,1 11,1 12,1 13,1 0,10 14,1 15,2 16,2 15,2 17,2 15,2 17,2 18,2 15,2 19,2 15,2 17,2 15,2 17,2 20,2 21,5 22,1 23,1 24,1
17.png 23 0,10 1,3 0,10 2,1 3,1 4,2 5,1 4,2 5,1 4,2 5,1 6,1 3,1 2,1 7,1 0,10 1,3 0,10 2,1 8,1 9,1 10,1 11,1 10,1 9,1 10,1 11,1 10,1 9,1 10,1 11,1 10,1 8,1 2,1 12,1
18.png 21 0,10 1,2 0,5 2,1 3,1 4,1 5,7 6,10 7,1 8,1 5,5 9,1 10,1
19.png 15 0,255
20.png 17 0,10 1,1
21.png 25 0,20 1,2 0,30 1,12 0,8 2,9 3,1 4,1 5,15 6,1 7,1
22.png 17 0,1 1,1
23.png 17 0,1 1,2 0,1 2,2
24.png 17 0,1 1,1 0,1 1,1 0,1 1,1 2,1 1,1 0,1 1,1 0,1 1,10 3,2 1,5
25.png 21 0,20 1,2 2,1 3,1 4,2 3,10 5,15 6,2 5,5 7,1 8,1 9,1 10,1 8,1 9,1 10,10 2,1
26.png 17 0,1 1,1 2,1 3,1 4,1 1,1 2,1 3,1 4,1 0,7 5,5 0,10 6,1 7,1 8,10 9,5 8,6 7,1 6,1
27.png 20 0,10 1,2 0,7 2,1 3,1 4,1 5,1 6,1 7,1 6,1 7,1 6,1 7,1 6,1 7,1 8,5 9,1 10,1 11,1 12,1
28.png 21 0,1 1,1 2,1 3,1 4,1 0,1 1,1 5,1 6,1 7,1 8,1 9,1 5,1 6,1 7,1 8,1 9,1 5,1 6,1 7,1
29.png 17 0,20 1,1 0,6 2,1 3,8 4,1 3,1 4,1 3,1 4,1 3,8 5,1 0,1
30.png 26 0,14 1,2 0,10 2,1 3,1 4,1 5,1 6,10 7,2 6,10 8,3 9,1 10,1
31.png 22 0,1 1,2 0,1 2,2 0,1 1,2 0,1 2,2 0,1 1,2 0,1 2,2 3,1 4,2 5,1 4,2 5,1 4,2 5,1 4,2 1,2 0,1 2,2 0,1 1,2 0,1 2,2 0,1 6,2 7,1 8,2 7,1 8,2 7,1 8,2 7,5 9,1 10,1 9,1 10,1 9,1 10,1 9,1 10,1 7,7 8,2 7,1 8,2 7,1 8,2 7,4 9,1 10,1 9,1 10,1 9,1 10,1 9,1 10,1 7,5 6,2 0,1 1,2 0,1 2,2 0,1 1,2 0,1 2,2 0,1 5,1 4,2 5,1 4,2 5,1 4,2 11,1 12,1 11,1 12,1 11,1 12,1 11,4
32.png 30 0,255
33.png 17 0,20 1,1 0,2 1,1 0,30 1,1
34.png 19 0,10 1,10 2,2 1,10 0,1 3,7 0,1 4,10 5,1 6,1 7,1 8,1 7,1 8,1 7,1 8,1 7,1 8,1 7,1 8,1 7,1 9,1 10,1 4,10 11,1 12,1 11,1 12,1 11,1 13,1
35.png 17 0,5 1,2 0,5 2,2 3,1 4,1 5,1 6,1 7,1 6,1 7,1 6,1 7,1 6,1 7,1 6,1 7,1 8,5 4,1 3,1 2,2
36.png 17 0,20 1,1 0,2 1,1 0,30 1,1
37.png 22 0,6 1,2 0,5 2,1 3,1 4,1 5,1 6,8 7,1 6,3 8,7 9,1 10,1 11,1 12,1 0,3 1,2 0,8 13,2 0,5 1,2 0,3 13,2 0,1 14,1 15,5 14,2 0,1
38.png 27 0,10 1,1 0,10 2,1 3,7 4,10 5,2 4,1 6,10 7,2 8,2 9,2 8,2 9,2 6,10 10,1 11,1 2,1
39.png 19 0,15 1,1 0,10 2,1 3,1 4,2 5,2 4,2 5,2 4,2 5,2 4,2 5,2 3,1 2,1 6,1
40.png 17 0,1 1,1 2,1 3,1 4,1 5,1 6,1 7,1 8,1
41.png 17 0,2 1,5 2,1 3,1 4,5 5,1 4,5
42.png 30 0,1 1,2 0,1 1,2 0,1 1,2 2,1 3,1 4,2 5,1 4,2 5,1 6,1 7,2 8,1 9,1 8,1 9,1 8,1 9,1 8,3 10,1
