1.png 37 0,2 1,2 0,2 1,2 0,2 1,2 0,2 2,2 3,2 4,2 5,2 6,2 7,2 6,2 7,2 6,2 7,2 6,2
2.png 15 0,10 1,1 2,15 1,1
3.png 15 0,255
4.png 15 0,10 1,5
5.png 23 0,33 1,1 2,1 3,1 4,1 5,1 4,1 3,1 2,1 3,1 4,1 5,1 4,1 3,1 1,1 0,3
6.png 19 0,2 1,2 2,2
7.png 15 0,1 1,1
8.png 15 0,20 1,1 0,5 1,1 0,12 1,1 2,5 3,1 4,5 5,5 6,5 5,5 6,5 5,5 6,5 4,10 3,1 4,10
9.png 19 0,2
10.png 48 0,12 1,2 2,8 3,1 4,1 5,1 6,1 7,1 8,1 9,2 10,2 9,2 11,2 12,2 11,2 12,2 11,2 12,2 11,2 13,1 14,1
11.png 40 0,10 1,2 0,11 2,26 3,5 2,10 4,2 2,10 5,2 2,10 0,1 6,1 7,20 8,2 7,20
12.png 40 0,10 1,1 0,10 2,1 0,5 2,1 0,2 1,1 0,10 3,15 4,1 5,10 6,5 7,2 8,2 9,5 10,7 11,2 12,2 13,1 14,2 15,10 16,4 17,2 16,2 18,10 19,5 20,5 19,5 16,4 17,2 16,4 17,2 16,6 21,2 22,1 23,1 22,1 23,1 22,1 24,1 22,1 24,1 21,15
13.png 28 0,2 1,2 2,2 3,2 4,2 2,2 4,2 5,1 6,1 7,2 8,1 7,2 9,1 5,1 10,1 11,1 12,2 11,1 0,2 1,2 13,2
14.png 19 0,11 1,4 2,4 3,9 4,4
15.png 15 0,1 1,1 2,1 1,1 0,1 1,1 2,1 1,1 0,1 3,3 0,1 4,3 0,10 5,1 6,1 7,1 8,1 9,1 10,1 11,1 12,1 13,5 14,1 15,1 16,1 17,1 18,1 19,1 20,10 21,2 20,5 22,2 20,10 23,2 20,5 24,2 20,15
16.png 21 0,2 1,1 2,2 1,1
17.png 15 0,10 1,0 2,0 3,0 4,10 0,10
18.png 24 0,12 1,2 0,2 2,2 0,2 1,2 0,2 2,2 0,10 2,2 3,2 4,1 5,2 6,5 3,5 2,2 0,5
19.png 15 0,20 1,1 2,1 3,1 4,0 5,1 6,1 7,31
20.png 60 0,5 1,1 2,1 3,3 4,1 5,1 6,4 7,1 6,6 3,2 6,5 8,2 9,2 10,2 11,2 12,1 13,2 14,2 15,2 16,2 17,2 18,2 19,4 20,2 21,2 22,1 23,1 24,2 25,2 26,1 27,1 28,1 0,1
21.png 30 0,255
22.png 22 0,5 1,10
23.png 60 0,1 1,1 2,1 3,1 2,1 1,1 0,1
24.png 65 0,10 1,5 0,1 2,3 0,3 2,3 0,3 2,2 0,2 3,2 0,2 2,2 0,2 2,2 0,2 2,2 0,2 2,2 0,12 4,2 5,8 6,1 7,1 8,1 9,5 10,5 11,1 10,1 11,1 10,1 11,1 10,10 12,5 13,1 14,5 15,1 16,1 15,1 16,1 15,1 16,2 17,2 18,1 19,8 18,5 20,1 21,1 22,1 23,1 24,1 25,3 26,6 27,3 28,1 29,1 30,1
25.png 31 0,11 1,6 2,1 3,1 4,1 5,2 6,2 7,24
26.png 29 0,2 1,2 2,2 3,2
27.png 19 0,255
28.png 15 0,1 1,1 2,1 3,1 4,1 5,1 6,1 7,1
29.png 15 0,30
30.png 31 0,1 1,1 2,1 3,1 4,1 1,1
31.png 24 0,1 1,2 0,1 2,2
32.png 15 0,11 1,1 2,2 1,1 0,1
33.png 17 0,15 1,1 0,5 2,2 3,1 4,1 5,1 4,1 5,1 4,1 5,1 4,1 5,1 4,1 5,1 4,1 6,10 7,2 8,6 9,1 10,1
34.png 37 0,5 1,7
35.png 57 0,2 1,2 2,2 3,2 4,2 5,2 2,2 1,2 0,2 1,2 2,2 6,2 0,2 7,2 8,3 9,1
36.png 37 0,1 1,1 2,1 3,1 4,1 5,1 6,1 7,1
37.png 25 0,20 1,1 2,1 3,1 4,1 5,1 6,1 5,1 4,1 5,1 6,1 5,1 4,1 5,1 6,1 5,1 4,10 3,1 2,1 1,1
38.png 31 0,1 1,1 2,1 1,1
39.png 17 0,5 1,2 0,2 1,2
40.png 22 0,2 1,2
41.png 47 0,15 1,1 2,1 1,1 0,3 1,1 2,1 1,1 0,5 3,2 4,3 5,2 6,2 7,5 8,1 9,1 10,1 11,1 12,1 13,1 14,2 15,1 16,1 17,1 18,1 19,1 20,2 19,1 21,1 22,1 23,13 24,5 25,1 0,5 1,6 26,2 1,2 27,2 1,2 26,2 1,3
42.png 20 0,2 1,6
